创世记 1 1047 1096
出埃及记 2 1098 1137
利未记 3 1139 1165
民数记 4 1167 1202
申命记 5 1204 1237
约书亚记 6 1239 1262
士师记 7 1264 1284
路得记 8 1286 1289
撒母耳记上 9 1291 1321
撒母耳记下 10 1323 1346
列王纪上 11 1348 1369
列王纪下 12 1371 1395
历代志上 13 1397 1425
历代志下 14 1427 1462
以斯拉记 15 1464 1473
尼希米记 16 1475 1487
以斯帖记 17 1489 1498
约伯记 18 1501 1542
诗篇 19 1544 1693
箴言 20 1695 1725
传道书 21 1727 1738
雅歌  22 1740 1747
以赛亚书 23 1749 1814
耶利米书 24 1890 1943 (1890-1915, 1918-1943)
耶利米哀歌 25 1945 1949
以西结书 26 1951 1998
但以理书 27 2000 2011
何西阿书 28 2013 2026
约珥书 29 2028 2030
阿摩司书 30 2032 2040 
俄巴底亚书 31 2042 2042
约拿书 32 2044 2047
弥迦书 33 2049 2055
那鸿书 34 2057 2059
哈巴谷书 35 2061 2063
西番雅书 36 2065 2067
哈该书 37 2069 2070
撒迦利亚书 38 2072 2085
玛拉基书 39 2087 2090
马太福音 40 2093 2120
马可福音 41 2122 2137
路加福音 42 2139 2162
约翰福音 43 2164 2184
使徒行传 44 2186 2213
罗马书 45 2215 2230
哥林多前书 46 2232 2247
哥林多后书 47 2249 2261
加拉太书 48 2263 2268
以弗所书 49 2270 2275
腓立比书 50 2277 2280
歌罗西书 51 2282 2285
帖撒罗尼迦前书 52 2287 2291
帖撒罗尼迦后书 53 2293 2295
提摩太前书 54 2297 2302
提摩太后书 55 2304 2307
提多书 56 2309 2311 
腓利门书 57 2313 2313
希伯来书 58 2315 2327
雅各书 59 2329 2333
彼得前书 60 2335 2339
彼得后书 61 2341 2343
约翰一书 62 2345 2349
约翰二书 63 2351 2351
约翰三书 64 2353 2353
犹大书 65 2355 2355
启示录 66 2357 2378
